60
111
126
155
1500
69
1500
1500
833
116
88
150
65
247
65
171
64
262
67
128
75
88
150
88
150
88
150
480
147
475
127
479
216
472
148
478
171
479
322
479
464
479
473
188
480
395
474
278
477
379
447
480
147
475
127
479
216
472
148
478
171
479
322
479
464
479
473
188
480
395
474
278
477
379
447
88
150
88
150
88
150
475
473
471
435
88
150
88
150
88
150
88
150
88
150
88
150
88
150
88
150
67
129
60
126
111
149
1500
69
1500
2281
116
88
150
92
115
65
247
65
171
64
262
67
128
88
150
88
150
101
124
88
150
94
88
150
88
150
88
150
88
150
88
150
88
150
88
150
88
150
88
150
88
150
88
150
88
150
88
150
88
150
88
150
88
150
88
150
88
150
88
150
88
150
88
150
88
150
88
150
88
150
88
150
88
150
88
150
88
150
88
150
88
150
88
150
88
150
88
150
88
150
88
150
88
150
88
150
88
150
88
150
88
150
88
150
88
150
88
150
88
150
88
150
88
150
88
150
88
150
88
150
88
150
88
150
88
150
88
150
119
130
143
88
150
93
93
93
93
88
150
88
150
