8
59
74
103
1448
17
1448
1448
781
64
36
98
13
195
13
119
12
210
15
76
23
36
98
36
98
36
98
428
95
423
75
427
164
420
96
426
119
427
270
427
412
427
421
136
428
343
422
226
425
327
395
428
95
423
75
427
164
420
96
426
119
427
270
427
412
427
421
136
428
343
422
226
425
327
395
36
98
36
98
36
98
423
421
419
383
36
98
36
98
36
98
36
98
36
98
36
98
36
98
36
98
15
77
8
74
59
97
1448
17
1448
2229
64
36
98
40
63
13
195
13
119
12
210
15
76
36
98
36
98
49
72
36
98
42
36
98
36
98
36
98
36
98
36
98
36
98
36
98
36
98
36
98
36
98
36
98
36
98
36
98
36
98
36
98
36
98
36
98
36
98
36
98
36
98
36
98
36
98
36
98
36
98
36
98
36
98
36
98
36
98
36
98
36
98
36
98
36
98
36
98
36
98
36
98
36
98
36
98
36
98
36
98
36
98
36
98
36
98
36
98
36
98
36
98
36
98
36
98
36
98
36
98
36
98
36
98
36
98
36
98
67
78
91
36
98
41
41
41
41
36
98
36
98
