1605486938.104499498
1605486938.233316924
1605486947.223809333
1605486947.353456708
1605486959.683250025
1605486959.813128022
1605486971.316261399
1605486971.453593052
1605486979.538547141
1605486979.667699431
1605486990.530665767
1605486990.663422871
1605487004.065259628
1605487004.196450472
1605487021.364872405
1605487021.494635370
1605487102.432662161
1605487102.563258358
1605487125.726981847
1605487125.859833655
1605487146.148289518
1605487146.289692734
1605487195.813201841
1605487195.945504379
1605487210.602476056
1605487210.732592526
1605487227.714052471
1605487227.862397503
1605487244.392453193
1605487244.519492771
1605487273.872754668
1605487274.004982244
1605487368.764026212
1605487368.897378095
1605487386.515977770
1605487386.645753029
1605487399.626773870
1605487399.757374362
1605487403.995175077
1605487404.141304066
1605487408.845092249
1605487408.972864846
1605487413.368022012
1605487413.500996229
1605487417.880762164
1605487418.027491958
1605487421.540896628
1605487421.669412232
1605487426.441301551
1605487426.579293226
1605487430.648738896
1605487430.775156259
1605487437.501291206
1605487437.630522877
1605487444.725649737
1605487444.855084583
1605487466.917613121
1605487467.046415046
1605487534.763561411
1605487534.898536412
1605487542.904553738
1605487543.043648428
1605487550.498026680
1605487550.630539190
1605487556.126681558
1605487556.282033462
1605487557.797579334
1605487557.929965941
1605487560.198647832
1605487560.328819095
1605487561.604728151
1605487561.738123962
1605487566.429057168
1605487566.570236064
1605487571.336104134
1605487571.470323612
1605487579.118266709
1605487582.255608883
1605487590.112096673
1605487590.246150091
1605487600.930135805
1605487601.072718413
1605487606.836469320
1605487606.970154699
1605487624.509218026
1605487624.644541921
1605487630.013528984
1605487630.144050065
