1605131215.861310628
1605131215.897249685
1605131276.979758016
1605131277.008816126
1605131337.085834539
1605131337.143500224
1605131398.183839163
1605131398.219744917
1605131693.684693082
1605131693.716074164
1605131754.903256943
1605131754.933939759
1605131816.001213875
1605131816.037560279
1605131876.145611132
1605131876.178685958
1605131937.328708398
1605131937.371664174
1605131998.554474429
1605131998.584211478
1605132059.713139741
1605132059.747454325
1605132120.821099344
1605132120.852324937
1605132181.939570778
1605132181.968731936
1605132303.347998184
1605132303.383400251
1605132381.339937340
1605132381.371473845
1605132442.655686195
1605132442.689187330
1605132503.892091102
1605132503.918770205
1605132564.124483938
1605132564.158462224
1605132625.236064762
1605132625.275538441
1605132686.367503051
1605132686.402733296
1605132747.663094628
1605132747.697962559
1605132808.824808758
1605132808.853147732
1605132869.993995632
1605132870.021203055
1605132930.193543204
1605132930.230475120
1605132991.473419354
1605132991.509666632
1605133052.592630429
1605133052.621865786
1605133113.696337111
1605133113.732311759
1605133174.821246876
1605133174.849789079
1605133235.975223035
1605133236.004974979
1605133296.063933542
1605133296.093645801
1605133357.183804916
1605133357.216431115
1605133418.286777446
1605133418.316465560
1605133479.387017106
1605133479.417597429
1605133540.513432546
1605133540.540487626
1605133601.667225857
1605133601.695172618
1605133662.765365072
1605133662.795521230
1605133723.863478132
1605133723.891060565
1605133784.967099031
1605133784.995594885
1605133845.063300023
1605133845.104912434
1605133906.230443058
1605133906.262259152
1605133967.344020283
1605133967.371960999
1605134028.497864761
1605134028.526594947
1605134089.664053044
1605134089.694815272
1605134150.775326029
1605134150.806635484
1605134211.895119762
1605134211.924976942
1605134272.003800818
1605134272.032511706
1605134333.190176011
1605134333.223315523
1605134394.327168489
1605134394.353904874
1605134455.455063076
1605134455.481247267
1605134516.596047598
1605134516.630269197
1605134577.699263192
1605134577.726611131
1605134638.785330167
1605134638.814134657
1605134699.884562281
1605134699.913679817
1605134760.970864523
1605134761.005314693
1605134821.038900749
1605134821.065290387
1605134882.137156633
1605134882.174171960
1605134943.221058194
1605134943.249207626
1605135004.336198672
1605135004.362179910
1605135065.458798230
1605135065.489422662
1605135126.681623170
1605135126.707425729
1605135187.765763536
1605135187.795197733
1605135248.849363464
1605135248.878719885
1605135309.940122628
1605135309.974945528
1605135370.033728074
1605135370.064864888
1605135431.151227104
1605135431.178668083
1605135492.268767576
1605135492.299738723
1605135553.363575167
1605135553.396905745
1605135614.455330060
1605135614.485410113
1605135675.561829145
1605135675.590507589
1605135736.652392233
1605135736.681775769
1605135797.756620028
1605135797.789458832
1605135858.863525089
1605135858.892035015
1605135919.979623679
1605135920.013960871
1605135980.127663278
1605135980.170584374
