1
9
68
85
121
134
147
159
174
197
233
269
305
733
828
1251
1326
1753
1917
2337
2433
2859
2978
3405
3675
4102
4514
4941
5362
5498
5926
6269
6691
6917
7342
7669
8064
8492
8587
9010
9085
9512
9676
10096
10192
10618
10737
11164
11434
11861
12273
12700
13121
13257
13685
14028
14450
14676
15101
15428
15823
15859
15895
15931
16354
16775
17194
17577
17613
17649
17685
17721
17757
17793
17793
17793
17829
17865
1
9
68
85
121
161
174
187
199
214
250
286
335
371
413
449
485
521
557
593
629
665
701
737
773
809
845
881
917
953
989
1025
1061
1097
1133
1169
1205
1241
1277
1313
1349
1385
1421
1457
1493
1529
1565
1601
1637
1673
1709
1745
1781
1817
1853
1889
1925
1961
1997
2033
2069
2105
2141
2177
2213
2249
2285
2321
2357
2398
2439
2480
2521
2557
