1605131211.467328393
1605131211.502638342
1605131212.545168921
1605131215.861310628
1605131221.364040572
1605131221.401724195
1605131221.441607596
1605131221.469808249
1605131228.528754677
1605131276.979758016
1605131337.085834539
1605131398.183839163
1605131457.060054098
1605131463.079002178
1605131465.583956753
1605131471.599895473
1605131474.111672242
1605131480.129850312
1605131483.138858442
1605131489.156364530
1605131491.662092317
1605131497.685419121
1605131500.693815582
1605131506.715150206
1605131510.724452537
1605131516.751991039
1605131522.771163170
1605131528.798108345
1605131534.824609472
1605131537.833062885
1605131543.845720602
1605131548.857051210
1605131554.886356348
1605131558.896384945
1605131564.909624612
1605131569.919377913
1605131574.933318076
1605131580.943385035
1605131583.447578645
1605131589.468225878
1605131591.975935378
1605131597.984335330
1605131600.992750485
1605131607.008311451
1605131609.512522627
1605131615.528512049
1605131618.532887511
1605131624.540934946
1605131628.549651324
1605131634.564310135
1605131640.577901198
1605131646.598924849
1605131652.624546181
1605131655.642435378
1605131661.668343148
1605131666.677785799
1605131672.688510212
1605131676.697100076
1605131682.733830058
1605131687.766933121
1605131693.684693082
1605131754.903256943
1605131816.001213875
1605131847.771026835
1605131853.852939812
1605131859.873301904
1605131865.903098334
1605131876.145611132
1605131937.328708398
1605131998.554474429
1605132059.713139741
1605132120.821099344
1605132181.939570778
1605132242.177942188
1605132242.417217717
1605132242.656861269
1605132303.347998184
1605132324.352876412
1605132376.857148460
1605132376.900030069
1605132377.937242274
1605132381.339937340
1605132411.681977642
1605132428.645978788
1605132428.673979082
1605132428.710856835
1605132428.741730888
1605132442.655686195
1605132503.892091102
1605132526.173981394
1605132564.124483938
1605132575.796369654
1605132625.236064762
1605132686.367503051
1605132747.663094628
1605132808.824808758
1605132869.993995632
1605132930.193543204
1605132991.473419354
1605133052.592630429
1605133113.696337111
1605133174.821246876
1605133235.975223035
1605133296.063933542
1605133357.183804916
1605133418.286777446
1605133479.387017106
1605133540.513432546
1605133601.667225857
1605133662.765365072
1605133723.863478132
1605133784.967099031
1605133845.063300023
1605133906.230443058
1605133967.344020283
1605134028.497864761
1605134089.664053044
1605134150.775326029
1605134211.895119762
1605134272.003800818
1605134333.190176011
1605134394.327168489
1605134455.455063076
1605134516.596047598
1605134577.699263192
1605134638.785330167
1605134699.884562281
1605134760.970864523
1605134821.038900749
1605134882.137156633
1605134943.221058194
1605135004.336198672
1605135065.458798230
1605135126.681623170
1605135187.765763536
1605135248.849363464
1605135309.940122628
1605135370.033728074
1605135431.151227104
1605135492.268767576
1605135553.363575167
1605135614.455330060
1605135675.561829145
1605135736.652392233
1605135797.756620028
1605135858.863525089
1605135865.160833879
1605135881.748660256
1605135883.865520111
1605135885.135558094
1605135919.979623679
1605135980.127663278
